{
    "accuracy": 0.9227985524728589,
    "precision": 0.7692307692307693,
    "recall": 0.6194690265486725,
    "auc": 0.870840955158946
}